0000000000000009
0000000000000006
0000000000000008
0000000000000005
0000000000000007
0000000000000004
0000000000000003
0000000000000002
0000000000000001
0000000000000000
3032393132323032
6568532073273930
2074726f53206c6c
2065726f6665620a
6568742074726f73
6920796172726120
000000000a203a73
6f73207265746661
6120656874207472
3a73692079617272
0000000000000a20
0000000000010000
0000000000010008
0000000000000000
0000000000000000
0000000000000000
0000000000000000
0000000000000000
0000000000000000
0000000000000000
0000000000000000
0000000000000000
